# Delta variance
# Fit parameters:
#  a0= 0.004805 +/- 0.000211
#  alpha= 0.9322 +/- 0.0190
#  a1= 0.04072 +/- 0.00177
       1.517    0.005590   2.344e-05     0.01894
       3.112     0.01189   0.0001026     0.01190
       4.875     0.01865   0.0002541     0.01834
       6.823     0.02622   0.0004979     0.02650
       8.977     0.03461   0.0008574     0.03530
       11.36     0.04387    0.001374     0.04474
       13.99     0.05407    0.002108     0.05492
       16.89     0.06532    0.003127     0.06594
       20.11     0.07778    0.004523     0.07791
       23.66     0.09167    0.006428     0.09094
       27.58      0.1073    0.008993      0.1052
       31.92      0.1249     0.01234      0.1207
       36.71      0.1446     0.01659      0.1376
       42.00      0.1665     0.02199      0.1562
       47.86      0.1902     0.02887      0.1765
       54.33      0.2155     0.03756      0.1987
       61.48      0.2421     0.04824      0.2231
       69.38      0.2698     0.06123      0.2498
       78.11      0.2985     0.07714      0.2790
       87.76      0.3279     0.09696      0.3111
       98.42      0.3576      0.1217      0.3463
       110.2      0.3875      0.1521      0.3848
       123.2      0.4179      0.1891      0.4271
       137.6      0.4500      0.2343      0.4734
       153.5      0.4850      0.2904      0.5243
       171.1      0.5236      0.3599      0.5801
       190.6      0.5642      0.4429      0.6413
       212.0      0.6031      0.5370      0.7084
